height = 256, width = 2048

correct ratio of R, C:
R = [0.460937500000000,0.750000000000000,1,1,1,1,1,1]
C = [0.008789062500000,0.883300781250000,0.934082031250000,0.937988281250000,0.937988281250000,0.977539062500000,0.977539062500000,1]

length of R, C:
len_R = [118,192,256,256,256,256,256,256]
len_C = [18,1809,1913,1921,1921,2002,2002,2048]
